
v/ 0.0 10.0 0.0 1.0 0.0 1.0
v/ -10.0 0.0 0.0 1.0 0.0 0.0
v/ -10.0 0.0 -10.0 0.0 1.0 0.0
v/ 0.0 0.0 -10.0 0.0 0.0 1.0
v/ 0.0 10.0 0.0 1.0 0.0 1.0
v/ 0.0 0.0 -10.0 1.0 0.0 0.0
v/ 10.0 0.0 -10.0 0.0 1.0 0.0
v/ 10.0 0.0 0.0 0.0 0.0 1.0
v/ 0.0 10.0 0.0 1.0 0.0 1.0
v/ 10.0 0.0 0.0 1.0 0.0 0.0
v/ 10.0 0.0 10.0 0.0 1.0 0.0
v/ 0.0 0.0 10.0 0.0 0.0 1.0
v/ 0.0 10.0 0.0 1.0 0.0 1.0
v/ 0.0 0.0 10.0 1.0 0.0 0.0
v/ -10.0 0.0 10.0 0.0 1.0 0.0
v/ -10.0 0.0 0.0 0.0 0.0 1.0
p/ 0 1 2 3
p/ 4 5 6 7
p/ 8 9 10 11
p/ 12 13 14 15

c/ 0.0 10.0 0.0 2.0 0.5 0.5 0.5
